type,ALA,ARG,ASN,ASP,CYS,GLN,GLU,GLY,HIS,ILE,LEU,LYS,MET,PHE,PHO,PRO,SER,THR,TRP,TYR,VAL
ALA,0.0318,0.0234,0.0426,0,0.0264,0.0408,0,0.0234,0.0306,0.039,0.024,0.039,0.0372,0.039,0,0.0258,0.0228,0.0234,0.0498,0.0396,0.036
ARG,0.0234,0,0.0606,0.0684,0.0276,0.0576,0.0654,0.0288,0.0348,0.0174,0,0.0228,0.0306,0.063,0.0684,0.0222,0.0216,0.024,0.102,0.0678,0.03
ASN,0.0426,0.0606,0.0648,0,0.0468,0.0678,0.0084,0.0348,0.0528,0.0612,0.0594,0.0612,0.0654,0.0804,0,0.0456,0.0282,0.039,0.096,0.0834,0.0582
ASP,0,0.0684,0,0,0,0,0,0,0,0,0.054,0,0,0,0,0,0,0,0.0006,0.006,0
CYS,0.0264,0.0276,0.0468,0,0.0312,0.0516,0,0.0246,0.0378,0.0312,0.0222,0.0396,0.0354,0.042,0,0.0282,0.0264,0.027,0.0612,0.0612,0.0384
GLN,0.0408,0.0576,0.0678,0,0.0516,0.0744,0.0048,0.0408,0.0648,0.0654,0.06,0.066,0.0654,0.09,0,0.051,0.0378,0.0426,0.1098,0.0888,0.0582
GLU,0,0.0654,0.0084,0,0,0.0048,0,0,0,0,0.0588,0,0,0,0,0,0,0,0.0126,0.0162,0
GLY,0.0234,0.0288,0.0348,0,0.0246,0.0408,0,0.0222,0.03,0.036,0.0348,0.0336,0.0444,0.0342,0,0.0312,0.0222,0.021,0.0408,0.048,0.0372
HIS,0.0306,0.0348,0.0528,0,0.0378,0.0648,0,0.03,0.045,0.0432,0.0462,0.0444,0.0456,0.0732,0,0.0396,0.0276,0.027,0.0882,0.0774,0.039
ILE,0.039,0.0174,0.0612,0,0.0312,0.0654,0,0.036,0.0432,0.0516,0.0342,0.048,0.0546,0.0612,0,0.039,0.027,0.0294,0.078,0.0744,0.0438
LEU,0.024,0,0.0594,0.054,0.0222,0.06,0.0588,0.0348,0.0462,0.0342,0,0.0318,0.033,0.0426,0.054,0.0282,0.0252,0.0252,0.0648,0.0624,0.033
LYS,0.039,0.0228,0.0612,0,0.0396,0.066,0,0.0336,0.0444,0.048,0.0318,0.0534,0.051,0.0654,0,0.0402,0.0324,0.0354,0.081,0.084,0.0462
MET,0.0372,0.0306,0.0654,0,0.0354,0.0654,0,0.0444,0.0456,0.0546,0.033,0.051,0.054,0.0678,0,0.0414,0.0378,0.036,0.0888,0.0846,0.0522
PHE,0.039,0.063,0.0804,0,0.042,0.09,0,0.0342,0.0732,0.0612,0.0426,0.0654,0.0678,0.0792,0,0.0474,0.0306,0.0402,0.1062,0.0966,0.0606
PHO,0,0.0684,0,0,0,0,0,0,0,0,0.054,0,0,0,0,0,0,0,0.0006,0.006,0
PRO,0.0258,0.0222,0.0456,0,0.0282,0.051,0,0.0312,0.0396,0.039,0.0282,0.0402,0.0414,0.0474,0,0.0318,0.0234,0.0234,0.0714,0.063,0.0384
SER,0.0228,0.0216,0.0282,0,0.0264,0.0378,0,0.0222,0.0276,0.027,0.0252,0.0324,0.0378,0.0306,0,0.0234,0.0132,0.0138,0.039,0.0396,0.0258
THR,0.0234,0.024,0.039,0,0.027,0.0426,0,0.021,0.027,0.0294,0.0252,0.0354,0.036,0.0402,0,0.0234,0.0138,0.0144,0.0558,0.0534,0.0294
TRP,0.0498,0.102,0.096,0.0006,0.0612,0.1098,0.0126,0.0408,0.0882,0.078,0.0648,0.081,0.0888,0.1062,0.0006,0.0714,0.039,0.0558,0.1368,0.12,0.0714
TYR,0.0396,0.0678,0.0834,0.006,0.0612,0.0888,0.0162,0.048,0.0774,0.0744,0.0624,0.084,0.0846,0.0966,0.006,0.063,0.0396,0.0534,0.12,0.114,0.0684
VAL,0.036,0.03,0.0582,0,0.0384,0.0582,0,0.0372,0.039,0.0438,0.033,0.0462,0.0522,0.0606,0,0.0384,0.0258,0.0294,0.0714,0.0684,0.045
